This folder: /media/daniella/B/git/non-priority DAOs/SevenLifes

  File: ./Presentation.pptx
  Size: 35263     	Blocks: 72         IO Block: 4096   regular file
Device: 8,20	Inode: 3094593     Links: 1
Access: (0755/-rwxr-xr-x)  Uid: ( 1000/daniella)   Gid: ( 1000/daniella)
Access: 2023-08-24 00:11:15.616932300 -0300
Modify: 2023-08-24 00:11:15.616932300 -0300
Change: 2023-08-24 00:11:15.698504900 -0300
 Birth: 2023-08-24 00:11:15.533376000 -0300
IPFS hash: QmTcrdzpDc35UgRhJF7Qupn6L4MaWF6AARza7bC8D14sKd
------------------------------